#eboss_target1_1,
#ra1,
#dec1,
#z1,
#eboss_target1_2,
#ra2,
#dec2,
#z2,
#Delta_z

# 1                  1024       232.66175       53.066851      1.53471     |                     0       232.66069       53.067762      1.53498   |  0.000261784
# 2                     0       176.93479       33.085467      1.17529     |                  1024       176.93325       33.085651      1.16332   |    0.0119786
# 3                     0       124.63307       36.386159      1.96469     |                  1024       124.63221       36.387707      1.96532   |  0.000628114
# 4            2147483648       150.33683       55.897117      1.41712     |                     0       150.33622       55.898794      1.41606   |   0.00106418
# 5                  1024       241.60005       54.100414     0.881804     |                     0       241.59817       54.098824     0.879285   |   0.00251907
# 6            1073741824       357.08160      0.95596527      2.15627     |                     0       357.07996      0.95487746      2.15385   |   0.00241971
# 7                  1024       243.63263       50.514039      1.35367     |                  1024       243.63233       50.512081      1.34678   |   0.00689077
# 8                     0       203.09183       47.286801      2.30966     |                     0       203.09046       47.289273      2.31177   |   0.00211644
# 9                     0       195.54126       58.745291      1.82520     |                  2048       195.53872       58.747629      1.82819   |   0.00299311
#10                     0       129.53355       47.364255     0.716863     |                     0       129.52950       47.365410     0.716211   |  0.000651836
#11                     0       174.35886       14.186505     0.737014     |                     0       174.35707       14.183717     0.735320   |   0.00169426
#12                     0       192.44998       58.897694      1.94231     |            1073744896       192.44484       58.899867      1.92744   |    0.0148635
#13                  1024       133.06596       17.192506     0.561941     |            1073741824       133.06394       17.195515     0.561632   |  0.000309408
#14                     0       203.38584       45.570422      1.59310     |                     0       203.38273       45.566769      1.59634   |   0.00323462
#15            1073742848       183.74364       35.636455      2.19355     |                     0       183.74061       35.632815      2.19882   |   0.00527096
#16            1073744896       253.22310       47.646414      1.10530     |                  1024       253.22185       47.651059      1.10507   |  0.000233293
#17                  1024       153.81130       35.053565      1.51343     |            1073742848       153.81095       35.058306      1.51435   |  0.000921249
#18                     0       355.86211      0.23128019      1.10387     |                     0       355.85968      0.22718050      1.10816   |   0.00429296
#19                  2048       253.44196       41.097773     0.938970     |                  3072       253.44181       41.092687     0.937975   |  0.000994861
#20            1073741824       131.63235       27.822754      2.11478     |            1073744896       131.62657       27.821684      2.11796   |   0.00318170
#21                  3072       111.63879       40.012376      1.09200     |                     0       111.63476       40.008142      1.09144   |  0.000556111
#22            1073741824       146.89069       25.832285      2.18629     |                  1024       146.88440       25.831352      2.19021   |   0.00391459
#23                  1024       153.10509       29.465865      1.30683     |            1073742848       153.10364       29.459732      1.30035   |   0.00647867
#24                     0       189.97595       50.030743      1.92390     |                     0       189.96712       50.033584      1.91135   |    0.0125520
#25            1073744896       162.50713       59.192842      2.16951     |                     0       162.50436       59.186647      2.16358   |   0.00592518
#26            1073744896       240.84284       48.564359      1.25344     |            1073744896       240.84027       48.558050      1.26110   |   0.00765610
#27                     0       188.29744       50.463862      1.42563     |                     0       188.29682       50.457304      1.42636   |  0.000729799
#28            1073742848       187.58529       30.086726      1.82310     |                     0       187.58099       30.081285      1.82412   |   0.00101995
#29                     0       174.12544       47.442003     0.671177     |                     0       174.11956       47.436398     0.671448   |  0.000271142
#30                     0       169.54174       45.066822      1.02667     |                     0       169.54041       45.059926      1.01402   |    0.0126435
#31            1073742848       146.26471       58.097760     0.993109     |                  1024       146.25152       58.097706     0.997922   |   0.00481343
#32                     0       156.09232       47.789072      1.79155     |                     0       156.08209       47.791319      1.78840   |   0.00314713
#33                     0       233.35112       34.277877      1.25242     |            1073742848       233.34749       34.271220      1.25311   |  0.000689507
#34            1073742848       254.96958       38.086565      1.20457     |                  1024       254.96214       38.082132      1.20705   |   0.00247848
#35                     0       202.70242       37.529637     0.813481     |                     0       202.69315       37.528566     0.813601   |  0.000120223
#36                     0       167.79769       30.215804      2.05872     |                  1024       167.79240       30.209914      2.06021   |   0.00149488
#37                  3072       117.69217       34.119573      2.12777     |                     0       117.68351       34.116249      2.12257   |   0.00520635
#38                     0       140.90955       50.105635      2.10316     |                     0       140.90583       50.113351      2.11038   |   0.00721741
#39                  3072       182.95763       35.879292      2.15973     |                  3072       182.95270       35.871029      2.16474   |   0.00500989
#40            1073742848       246.03471       34.542728      1.16795     |                  1024       246.03153       34.551549      1.18233   |    0.0143762
#41                     0       124.56796       51.319978      2.09630     |                     0       124.55397       51.323158      2.08624   |    0.0100617
#42            1073742848       242.33175       50.116650      1.80503     |                     0       242.31907       50.112088      1.80833   |   0.00330305
#43                  1024       219.00045       42.495395      1.24319     |            1073742848       218.98689       42.496232      1.23337   |   0.00982773
#44                  3072       248.47593       53.187382      1.58934     |                  1024       248.47155       53.197167      1.59300   |   0.00365973
#45                     0       193.12687       50.149064      1.41023     |                     0       193.11976       50.139991      1.39462   |    0.0156102
#46                     0       145.80416       48.641865      1.60852     |                     0       145.79255       48.649076      1.61497   |   0.00645864
#47                     0       183.28338       42.317925      1.00675     |                     0       183.27355       42.310252      1.00647   |  0.000284195
#48                     0       147.16731       38.461878     0.739447     |                 19456       147.16054       38.452680     0.740665   |   0.00121844
#49                     0       196.74420       58.283291      2.11395     |            1073742848       196.72723       58.289687      2.11781   |   0.00386143
#50            1073742848       160.27169       42.967656      1.73703     |                     0       160.26918       42.956748      1.73276   |   0.00426602
#51                  1024       165.08408       31.215175      1.89319     |                     0       165.07446       31.222797      1.87495   |    0.0182343
#52                     0       172.57589       60.457036     0.877633     |                     0       172.55899       60.448813     0.874112   |   0.00352138
#53                  3072       211.46323       37.125634      1.57436     |                     0       211.44923       37.129202      1.56919   |   0.00516582
#54            1073744896       235.29536       48.465640     0.709483     |                     0       235.27902       48.461010     0.704629   |   0.00485450
#55                     0       114.07802       27.064614      1.55557     |                  1024       114.06408       27.062097      1.56572   |    0.0101547
#56                     0       155.12467       46.885639      1.98888     |                     0       155.12460       46.898308      1.98550   |   0.00337470
#57                     0       166.13806       59.430048      1.81950     |            1073744896       166.11349       59.432474      1.83229   |    0.0127913
#58                     0       225.09471       35.304109      1.58376     |            1073742848       225.08766       35.292721      1.58251   |   0.00124705
#59                  1024       134.16633       36.271106      2.12086     |                  1024       134.16342       36.258249      2.13165   |    0.0107882
#60                  1024       135.56967       33.412497      1.63645     |                  1024       135.55427       33.414969      1.63101   |   0.00544620
#61                  4096       155.22478       53.881920      2.33617     |                     0       155.20465       53.887535      2.33185   |   0.00432086
#62                     0       131.28049       49.942302      1.62629     |                     0       131.27649       49.955362      1.62880   |   0.00250661
#63                  3072       194.23128       41.260317     0.714177     |                     0       194.21452       41.264629     0.719377   |   0.00519991
#64                  1536       321.97325    -0.030749199      1.73478     |                  1536       321.96320    -0.021998755      1.71937   |    0.0154144
#65                     0       130.52751       51.289947      1.81888     |                     0       130.50968       51.282407      1.82433   |   0.00544691
#66                  3072       142.48550       41.791650      1.46794     |                  3072       142.47898       41.804666      1.46433   |   0.00361586
#67                  1024       148.24327       28.707071      1.26249     |                  1024       148.22907       28.713312      1.25256   |   0.00992239
#68                     0       140.44987       59.634664      1.81003     |                  1024       140.44726       59.620272      1.80440   |   0.00563467
#69                  1024       229.87381       55.717452      1.97141     |                  3072       229.86111       55.730054      1.97810   |   0.00669146
#70            1073744896       190.57546       32.389953      2.11164     |                     0       190.57071       32.404063      2.12966   |    0.0180242
#71                  1024       182.12909       34.024631      1.88129     |            1073744896       182.11109       34.025969      1.87957   |   0.00171936
#72                  1024       119.77416       24.834617      1.20750     |                  1024       119.77345       24.849608      1.20568   |   0.00182176
#73            1073741824       143.65355       28.592005      1.07150     |                  1024       143.65287       28.576916      1.07322   |   0.00172079
#74            1073742848       144.68168       27.492971      1.21754     |            1073741824       144.66568       27.498504      1.21838   |  0.000846744
#75                  3072       191.72210       40.913666      1.61004     |                  3072       191.70188       40.915261      1.60774   |   0.00229967
#76            1073741824       133.81942       22.629341     0.957976     |            1073742848       133.81261       22.643359     0.950846   |   0.00712991
#77                  1024       199.23125       44.340912      1.50363     |                  1024       199.21176       44.334385      1.50117   |   0.00245547
#78            3221228544       207.29240       55.131644      1.59874     |                     0       207.26527       55.134173      1.60129   |   0.00254881
#79                  1024       149.81784       33.445359      2.08741     |            1073741824       149.80276       33.454966      2.09515   |   0.00773787
#80                  1024       113.12321       25.431781      1.59433     |                     0       113.11129       25.443659      1.59968   |   0.00535023
#81            1073744896       182.75774       58.544362      1.35888     |                  3072       182.75006       58.560063      1.36558   |   0.00670230
#82            1073741824       156.31712       27.898193      1.81515     |                  1024       156.30634       27.911379      1.80197   |    0.0131732
#83                     0       200.30893       38.954544     0.858480     |                  3072       200.29706       38.940857     0.856690   |   0.00179017
#84                     0       170.80714       57.295530      1.96550     |            1073744896       170.79767       57.311509      1.95899   |   0.00650978
#85                  1024       148.32090       52.105401      1.36012     |                     0       148.29362       52.103361      1.35525   |   0.00487077
#86                     0       130.77615       45.530263      1.27200     |                     0       130.75229       45.526332      1.27150   |  0.000508666
#87                     0       205.27227       47.661445      1.74720     |                     0       205.24913       47.668680      1.75127   |   0.00407600
#88                  1024       255.02672       46.430989      1.02406     |                  3072       255.01466       46.415915      1.03075   |   0.00668454
